,alien0,alien2,alien7,alien60,bugkiller0,bugkiller2,bugkiller7,bugkiller60
g__Actinomyces,0.00504,0.0,0.0,0.01123,0.01182,0.01944,0.0,0.0
g__Dermatophilaceae_unclassified,0.04851,0.0,0.0,0.0,0.0,0.0,0.0,0.0
g__Rothia,0.00743,0.00355,0.02635,0.04458,0.0,0.00241,0.0,0.0
g__Propionibacterium,0.15851,0.05264,0.0187,0.02837,0.03331,0.0,0.0,0.0
g__Bifidobacterium,0.0,0.0,0.0,4.14752,4.55461,11.1724,7.42194,11.44106
g__Adlercreutzia,0.26665,0.18116,0.51525,0.24085,0.0,0.01677,0.0023,0.0
g__Atopobium,0.0,0.0,0.0,0.01505,0.00719,0.0,0.0,0.01245
g__Collinsella,1.1521,1.02812,0.56865,1.27944,7.26669,17.09281,4.1295,7.37877
g__Eggerthella,0.01603,0.00293,0.05081,0.00165,0.63623,0.70663,0.34998,0.22369
g__Gordonibacter,0.00438,0.0,0.02397,0.0,0.0,0.0,0.0,0.0
g__Bacteroides,25.11633,24.03404,28.51721,11.35285,33.48925,9.52097,35.16001,30.30415
g__Bacteroidales_noname,0.0,0.0,0.0,0.0,0.37059,1.20411,0.08104,0.10953
g__Barnesiella,1.07815,0.64376,1.01926,0.27091,0.0,0.06304,0.0,0.0
g__Coprobacter,0.22292,0.18072,0.29203,0.05648,0.0,0.0,0.0,0.0
g__Odoribacter,0.33109,0.34798,0.91936,0.05497,0.63874,0.0,0.09007,0.0
g__Parabacteroides,3.53444,2.87534,2.21382,1.5253,1.7864,0.52953,1.20825,1.30827
g__Paraprevotella,0.0,0.0,0.0,0.0,0.01334,0.0,0.0,0.0
g__Prevotella,0.0,0.0,0.0,0.0,6.28172,0.25804,7.32159,9.93454
g__Alistipes,3.03512,2.07524,5.79138,0.7338,0.21673,0.40633,0.00784,0.0
g__Bacillus,0.0,0.0,0.0,0.0,0.0,0.0,0.0,0.03431
g__Gemella,0.00189,0.0,0.0,0.00117,0.0,0.0,0.0,0.0
g__Granulicatella,0.02505,0.0151,0.0,0.03573,0.02084,0.0,0.00503,0.0
g__Lactobacillus,0.07944,0.01213,0.14638,0.33861,0.0,0.16977,0.096,0.0
g__Lactococcus,0.03787,0.04856,0.01822,0.00796,0.0,0.0,0.0,0.0
g__Streptococcus,1.25324,0.77305,0.0275,0.14014,0.56566,0.0,0.38265,0.65237
g__Butyricicoccus,0.0,0.0,0.0,0.0,0.09768,0.27825,0.13245,0.04511
g__Clostridiaceae_noname,0.0,0.0,0.01256,0.0,0.02763,0.0,0.0,0.0
g__Clostridium,0.0061,0.0,0.10817,0.0,0.2207,0.0017,0.0,0.0
g__Clostridiales_Family_XIII_Incertae_Sedis_unclassified,0.0,0.0,0.0,0.0,0.0,0.0,0.00404,0.01138
g__Flavonifractor,0.00161,0.00384,0.00955,0.0,0.02264,0.00978,0.00215,0.0
g__Eubacterium,25.62989,33.3664,11.8127,30.52844,7.02257,0.82163,18.08605,6.09159
g__Anaerostipes,0.02176,0.03292,0.00854,0.0299,0.07108,0.00261,0.16537,0.24299
g__Blautia,2.1904,1.58156,0.69412,2.58959,3.24736,0.04684,1.76406,1.38335
g__Coprococcus,4.42226,4.73056,5.5007,2.61574,1.29966,0.15621,0.83798,1.05851
g__Dorea,1.96555,1.8064,0.67009,1.88316,3.75394,0.15,3.19738,3.72451
g__Lachnospiraceae_noname,0.52762,0.16322,0.36091,0.37546,0.42919,0.05788,0.68859,0.40184
g__Roseburia,3.94264,5.44103,6.75108,11.30803,0.08241,0.12962,0.03948,0.72986
g__Oscillibacter,0.06318,0.05149,0.08493,0.04178,0.21724,0.54513,0.04772,0.0
g__Peptostreptococcaceae_noname,0.08879,0.0,0.04184,0.22675,0.0,0.0,0.0,0.0
g__Faecalibacterium,7.94759,7.51757,16.32226,13.53775,17.47911,37.03328,12.34248,17.16229
g__Ruminococcaceae_noname,0.0,0.0,0.00623,0.0,0.35993,0.41545,0.0,0.0
g__Ruminococcus,5.02139,6.09212,5.91656,8.76243,0.73715,0.04434,1.09596,0.0
g__Subdoligranulum,7.0906,5.56569,9.18698,6.66415,1.88676,3.45702,1.23474,1.11548
g__Holdemania,0.0221,0.01257,0.06682,0.00881,0.067,0.05924,0.0,0.0
g__Turicibacter,0.0,0.0,0.0,0.02413,0.0,0.0,0.0,0.0
g__Dialister,0.08847,0.0363,0.02834,0.0,0.0,0.0,0.0,0.0
g__Veillonella,0.31678,0.10311,0.0,0.02953,0.35684,0.0,0.07444,0.18636
g__Burkholderiales_noname,0.90514,0.56101,1.00539,0.35254,0.0,0.00066,0.0,0.0
g__Variovorax,0.0,0.0,0.0,0.00366,0.0,0.0,0.0,0.0
g__Parasutterella,0.39733,0.26178,0.47472,0.16829,0.0,0.00346,0.0,0.0
g__Sutterella,0.0,0.0,0.0,0.0,5.07654,11.84486,3.9465,5.88379
g__Bilophila,0.0,0.0,0.0,0.0,0.69563,3.7572,0.04395,0.0
g__Escherichia,2.34256,0.15603,0.15801,0.37237,0.51999,0.02258,0.02692,0.12944
g__Klebsiella,0.0,0.0,0.0,0.03397,0.0,0.0,0.0,0.0
g__Serratia,0.0,0.0,0.0,0.0,0.0,0.0,0.0,0.43433
g__Haemophilus,0.12547,0.04007,0.00721,0.00863,0.0,0.0,0.0,0.0
g__Pseudomonas,0.0,0.0,0.0,0.0,0.43582,0.0,0.0,0.0
g__Akkermansia,0.0,0.0,0.0,0.0,0.0,0.0,0.01354,0.0
g__Naumovozyma,0.01657,0.0,0.0,0.0,0.0,0.0,0.0,0.0
g__Saccharomyces,0.37472,0.16851,0.0,0.01194,0.0,0.0,0.0,0.0
g__Saccharomycetaceae_unclassified,0.02526,0.0,0.0,0.0,0.0,0.0,0.0,0.0
g__C2likevirus,0.09204,0.0,0.62337,0.13635,0.0,0.0,0.0,0.0
g__Mastrevirus,0.0,0.03352,0.0,0.0,0.0,0.0,0.0,0.0
